$skin_controller:  bone name= Bone1  weights len= 0  matrix:
  0		-1		0		5.678
1		0		0		0
0		0		1		-6.629
0		0		0		1

$skin_controller:  bone name= Bone2  weights len= 48  matrix:
  0		-0.113		0.993		-128.334
0		-0.993		-0.113		22.694
1		0		0		0
0		0		0		1

$skin_controller:  bone name= Bone3  weights len= 15  matrix:
  0.061		0.114		-0.991		-75.69
0.226		-0.969		-0.097		-0.582
-0.971		-0.219		-0.085		22.167
0		0		0		1

$skin_controller:  bone name= Bone4  weights len= 2  matrix:
  0.913		0.259		-0.314		26.873
-0.306		0.945		-0.108		4.584
0.268		0.195		0.943		-114.633
0		0		0		1

$skin_controller:  bone name= Bone5  weights len= 2  matrix:
  -0.506		-0.621		-0.598		61.246
-0.502		0.776		-0.381		53.016
0.701		0.107		-0.704		-50.925
0		0		0		1

$skin_controller:  bone name= Bone6  weights len= 4  matrix:
  -0.655		-0.29		-0.696		67.068
-0.279		0.95		-0.133		30.38
0.701		0.107		-0.704		-50.925
0		0		0		1

$skin_controller:  bone name= Bone7  weights len= 2  matrix:
  -0.293		-0.033		-0.955		28.875
-0.9		0.345		0.264		89.69
0.321		0.937		-0.131		-31.997
0		0		0		1

$skin_controller:  bone name= Bone8  weights len= 2  matrix:
  -0.547		-0.06		-0.834		55.105
-0.834		0.11		0.539		83.854
0.059		0.991		-0.111		-20.354
0		0		0		1

$skin_controller:  bone name= Bone9  weights len= 4  matrix:
  -0.72		0.151		-0.676		62.687
-0.614		0.312		0.724		66.77
0.321		0.937		-0.131		-31.997
0		0		0		1

$skin_controller:  bone name= Bone10  weights len= 3  matrix:
  -0.88		0		-0.474		80.908
-0.471		0.126		0.872		51.443
0.059		0.991		-0.111		-20.354
0		0		0		1

$skin_controller:  bone name= Bone11  weights len= 9  matrix:
  0		0		-1		-140.645
0.211		-0.977		0		13.771
-0.977		-0.211		0		34.166
0		0		0		1

$skin_controller:  bone name= Bone12  weights len= 1  matrix:
  0.518		-0.266		-0.812		26.437
0.239		0.957		-0.161		-32.796
0.82		-0.11		0.56		-91.016
0		0		0		1

$skin_controller:  bone name= Bone13  weights len= 0  matrix:
  0.518		-0.266		-0.812		26.437
0.224		0.959		-0.171		-31.178
0.824		-0.093		0.557		-91.583
0		0		0		1

$skin_controller:  bone name= Bone14  weights len= 5  matrix:
  0.518		-0.266		-0.812		-1.296
0.21		0.96		-0.181		-29.551
0.828		-0.076		0.554		-92.121
0		0		0		1

$skin_controller:  bone name= Bone15  weights len= 14  matrix:
  0.131		-0.085		-0.987		10.112
-0.984		0.106		-0.14		97.746
0.117		0.99		-0.07		-23.361
0		0		0		1

$skin_controller:  bone name= Bone16  weights len= 10  matrix:
  0.066		0.09		-0.993		4.675
0.225		-0.971		-0.072		1.28
-0.971		-0.219		-0.085		22.167
0		0		0		1

$skin_controller:  bone name= Bone17  weights len= 5  matrix:
  0.571		0.16		-0.804		57.588
0		0.98		0.195		-40.876
0.82		-0.11		0.56		-91.016
0		0		0		1

$skin_controller:  bone name= Bone18  weights len= 19  matrix:
  0		-0.352		0.935		-108.526
0		-0.935		-0.352		53.359
1		0		0		0
0		0		0		1

$skin_controller:  bone name= Bone19  weights len= 36  matrix:
  0		0		1		-6.629
0		-1		0		5.678
1		0		0		0
0		0		0		1

$skin_controller:  bone name= Bone20  weights len= 15  matrix:
  -0.061		0.114		-0.991		-75.69
-0.226		-0.969		-0.097		-0.582
-0.971		0.219		0.085		-22.167
0		0		0		1

$skin_controller:  bone name= Bone21  weights len= 2  matrix:
  -0.913		0.259		-0.314		26.873
0.306		0.945		-0.108		4.584
0.268		-0.195		-0.943		114.633
0		0		0		1

$skin_controller:  bone name= Bone22  weights len= 2  matrix:
  0.506		-0.621		-0.598		61.246
0.502		0.776		-0.381		53.016
0.701		-0.107		0.704		50.925
0		0		0		1

$skin_controller:  bone name= Bone23  weights len= 4  matrix:
  0.655		-0.29		-0.696		67.068
0.279		0.95		-0.133		30.38
0.701		-0.107		0.704		50.925
0		0		0		1

$skin_controller:  bone name= Bone24  weights len= 2  matrix:
  0.293		-0.033		-0.955		28.875
0.9		0.345		0.264		89.69
0.321		-0.937		0.131		31.997
0		0		0		1

$skin_controller:  bone name= Bone25  weights len= 2  matrix:
  0.547		-0.06		-0.834		55.105
0.834		0.11		0.539		83.854
0.059		-0.991		0.111		20.354
0		0		0		1

$skin_controller:  bone name= Bone26  weights len= 4  matrix:
  0.72		0.151		-0.676		62.687
0.614		0.312		0.724		66.77
0.321		-0.937		0.131		31.997
0		0		0		1

$skin_controller:  bone name= Bone27  weights len= 3  matrix:
  0.88		0		-0.474		80.908
0.471		0.126		0.872		51.443
0.059		-0.991		0.111		20.354
0		0		0		1

$skin_controller:  bone name= Bone28  weights len= 9  matrix:
  0		0		-1		-140.645
-0.211		-0.977		0		13.771
-0.977		0.211		0		-34.166
0		0		0		1

$skin_controller:  bone name= Bone29  weights len= 1  matrix:
  -0.518		-0.266		-0.812		26.437
-0.239		0.957		-0.161		-32.796
0.82		0.11		-0.56		91.016
0		0		0		1

$skin_controller:  bone name= Bone30  weights len= 0  matrix:
  -0.518		-0.266		-0.812		26.437
-0.224		0.959		-0.171		-31.178
0.824		0.093		-0.557		91.583
0		0		0		1

$skin_controller:  bone name= Bone31  weights len= 5  matrix:
  -0.518		-0.266		-0.812		-1.296
-0.21		0.96		-0.181		-29.551
0.828		0.076		-0.554		92.121
0		0		0		1

$skin_controller:  bone name= Bone32  weights len= 14  matrix:
  -0.131		-0.085		-0.987		10.112
0.984		0.106		-0.14		97.746
0.117		-0.99		0.07		23.361
0		0		0		1

$skin_controller:  bone name= Bone33  weights len= 10  matrix:
  -0.066		0.09		-0.993		4.675
-0.225		-0.971		-0.072		1.28
-0.971		0.219		0.085		-22.167
0		0		0		1

$skin_controller:  bone name= Bone34  weights len= 5  matrix:
  -0.571		0.16		-0.804		57.588
0		0.98		0.195		-40.876
0.82		0.11		-0.56		91.016
0		0		0		1

$skin_controller:  bone name= Bone35  weights len= 16  matrix:
  0		-0.04		0.999		-31.268
0		-0.999		-0.04		6.968
1		0		0		0
0		0		0		1

$skin_controller:  bone name= Bone36  weights len= 3  matrix:
  0		-0.002		0.999		-47.928
0		-0.999		-0.002		5.162
1		0		0		0
0		0		0		1

$skin_controller:  bone name= Bone37  weights len= 112  matrix:
  0		0.113		0.993		-64.25
0		-0.993		0.113		-2.248
1		0		0		0
0		0		0		1

$skin_controller:  bone name= Bone38  weights len= 16  matrix:
  0		0		-1		35.947
0.281		0		0		0
0		-2.205		0		-43.134
0		0		0		1

$skin_controller:  bone name= Bone39  weights len= 3  matrix:
  0.833		-0.081		-1.236		28.003
0.182		1.482		0.025		-56.335
1.225		-0.165		0.836		-135.926
0		0		0		1

$skin_controller:  bone name= Bone40  weights len= 3  matrix:
  -0.833		-0.081		-1.236		28.003
-0.182		1.482		0.025		-56.335
1.225		0.165		-0.836		135.926
0		0		0		1

$skin_controller:  bone name= Bone41  weights len= 6  matrix:
  0.093		0.149		-1.453		-110.843
0.331		-1.42		-0.124		0.51
-1.423		-0.32		-0.124		32.462
0		0		0		1

$skin_controller:  bone name= Bone42  weights len= 6  matrix:
  -0.093		0.149		-1.453		-110.843
-0.331		-1.42		-0.124		0.51
-1.423		0.32		0.124		-32.462
0		0		0		1

$skin_controller:  bone name= Bone43  weights len= 0  matrix:
  4.165		0.986		-3.101		132.162
-0.956		5.185		0.364		-106.039
3.11		0.274		4.264		-584.905
0		0		0		1

$skin_controller:  bone name= Bone44  weights len= 0  matrix:
  -4.165		0.986		-3.101		132.162
0.956		5.185		0.364		-106.039
3.11		-0.274		-4.264		584.905
0		0		0		1

---------------------------------------------------------------------------------------